{
 "cells": [
  {
   "cell_type": "markdown",
   "metadata": {},
   "source": [
    "### Dependencies, includes, paths"
   ]
  },
  {
   "cell_type": "code",
   "execution_count": 1,
   "metadata": {},
   "outputs": [],
   "source": [
    "import sys\n",
    "import subprocess\n",
    "import pkg_resources\n",
    "\n",
    "required = {'numpy', 'pandas'}\n",
    "installed = {pkg.key for pkg in pkg_resources.working_set}\n",
    "missing = required - installed\n",
    "\n",
    "if missing:\n",
    "    python = sys.executable\n",
    "    subprocess.check_call([python, '-m', 'pip', 'install', *missing], stdout=subprocess.DEVNULL)\n",
    "\n",
    "import numpy as np\n",
    "import pandas as pd\n",
    "\n",
    "BASE_PATH    = 'C:/Users/pavel/github/SMSA/'\n",
    "DATA_PATH    = f'{BASE_PATH}/data/NASDAQ-100/'\n",
    "TICKERS_PATH = f'{BASE_PATH}/data/NASDAQ-100.csv'\n",
    "\n",
    "import seaborn as sns\n",
    "import matplotlib.pyplot as plt\n",
    "import matplotlib.patches as mpatches\n",
    "import matplotlib.colors"
   ]
  },
  {
   "cell_type": "markdown",
   "metadata": {},
   "source": [
    "### Data Import"
   ]
  },
  {
   "cell_type": "code",
   "execution_count": 2,
   "metadata": {},
   "outputs": [
    {
     "name": "stdout",
     "output_type": "stream",
     "text": [
      "sample_size: 200\n"
     ]
    },
    {
     "name": "stderr",
     "output_type": "stream",
     "text": [
      "C:\\Users\\pavel\\AppData\\Local\\Temp\\ipykernel_12352\\2780268439.py:13: SettingWithCopyWarning: \n",
      "A value is trying to be set on a copy of a slice from a DataFrame\n",
      "\n",
      "See the caveats in the documentation: https://pandas.pydata.org/pandas-docs/stable/user_guide/indexing.html#returning-a-view-versus-a-copy\n",
      "  logrets_mtx.drop(logrets_mtx.tail(52).index, inplace = True)\n"
     ]
    }
   ],
   "source": [
    "import smsa\n",
    "import smsa.data_import\n",
    "\n",
    "tickers = smsa.data_import.read_tickers(TICKERS_PATH)\n",
    "tickers = tickers[:20]\n",
    "data_for_ticker = smsa.data_import.read_historical_data(tickers, DATA_PATH)\n",
    "\n",
    "table = smsa.data_import.merge_table(data_for_ticker)\n",
    "table = table.dropna(axis='columns')\n",
    "table = smsa.data_import.table_logret(table)\n",
    "\n",
    "logrets_mtx = table.loc[:, table.columns != 'Date']\n",
    "logrets_mtx.drop(logrets_mtx.tail(52).index, inplace = True)\n",
    "sample_size = logrets_mtx.shape[0]\n",
    "print(f'sample_size: {sample_size}')"
   ]
  },
  {
   "cell_type": "markdown",
   "metadata": {},
   "source": [
    "## Mean, cov maximum likelihood estimations for the data"
   ]
  },
  {
   "cell_type": "code",
   "execution_count": 3,
   "metadata": {},
   "outputs": [],
   "source": [
    "import smsa.pearson\n",
    "\n",
    "mean = logrets_mtx.mean()\n",
    "cov  = logrets_mtx.cov()"
   ]
  },
  {
   "cell_type": "code",
   "execution_count": 4,
   "metadata": {},
   "outputs": [
    {
     "data": {
      "text/html": [
       "<div>\n",
       "<style scoped>\n",
       "    .dataframe tbody tr th:only-of-type {\n",
       "        vertical-align: middle;\n",
       "    }\n",
       "\n",
       "    .dataframe tbody tr th {\n",
       "        vertical-align: top;\n",
       "    }\n",
       "\n",
       "    .dataframe thead th {\n",
       "        text-align: right;\n",
       "    }\n",
       "</style>\n",
       "<table border=\"1\" class=\"dataframe\">\n",
       "  <thead>\n",
       "    <tr style=\"text-align: right;\">\n",
       "      <th></th>\n",
       "      <th>AAPL</th>\n",
       "      <th>MSFT</th>\n",
       "      <th>GOOG</th>\n",
       "      <th>GOOGL</th>\n",
       "      <th>AMZN</th>\n",
       "      <th>TSLA</th>\n",
       "      <th>FB</th>\n",
       "      <th>NVDA</th>\n",
       "      <th>COST</th>\n",
       "      <th>PEP</th>\n",
       "      <th>NTES</th>\n",
       "      <th>AVGO</th>\n",
       "      <th>ASML</th>\n",
       "      <th>AZN</th>\n",
       "      <th>CSCO</th>\n",
       "      <th>CMCSA</th>\n",
       "      <th>ADBE</th>\n",
       "      <th>INTC</th>\n",
       "      <th>TMUS</th>\n",
       "      <th>TXN</th>\n",
       "    </tr>\n",
       "  </thead>\n",
       "  <tbody>\n",
       "    <tr>\n",
       "      <th>AAPL</th>\n",
       "      <td>1.000000</td>\n",
       "      <td>0.719477</td>\n",
       "      <td>0.588542</td>\n",
       "      <td>0.596721</td>\n",
       "      <td>0.604433</td>\n",
       "      <td>0.489670</td>\n",
       "      <td>0.555431</td>\n",
       "      <td>0.552893</td>\n",
       "      <td>0.493510</td>\n",
       "      <td>0.364752</td>\n",
       "      <td>0.262539</td>\n",
       "      <td>0.623653</td>\n",
       "      <td>0.530375</td>\n",
       "      <td>0.162623</td>\n",
       "      <td>0.451065</td>\n",
       "      <td>0.288485</td>\n",
       "      <td>0.666081</td>\n",
       "      <td>0.403483</td>\n",
       "      <td>0.325125</td>\n",
       "      <td>0.493516</td>\n",
       "    </tr>\n",
       "    <tr>\n",
       "      <th>MSFT</th>\n",
       "      <td>0.719477</td>\n",
       "      <td>1.000000</td>\n",
       "      <td>0.693128</td>\n",
       "      <td>0.707233</td>\n",
       "      <td>0.609897</td>\n",
       "      <td>0.411964</td>\n",
       "      <td>0.547791</td>\n",
       "      <td>0.616106</td>\n",
       "      <td>0.494368</td>\n",
       "      <td>0.458429</td>\n",
       "      <td>0.218710</td>\n",
       "      <td>0.625232</td>\n",
       "      <td>0.593833</td>\n",
       "      <td>0.164051</td>\n",
       "      <td>0.473651</td>\n",
       "      <td>0.374137</td>\n",
       "      <td>0.753489</td>\n",
       "      <td>0.394750</td>\n",
       "      <td>0.413036</td>\n",
       "      <td>0.574815</td>\n",
       "    </tr>\n",
       "    <tr>\n",
       "      <th>GOOG</th>\n",
       "      <td>0.588542</td>\n",
       "      <td>0.693128</td>\n",
       "      <td>1.000000</td>\n",
       "      <td>0.974055</td>\n",
       "      <td>0.583503</td>\n",
       "      <td>0.359539</td>\n",
       "      <td>0.620091</td>\n",
       "      <td>0.488620</td>\n",
       "      <td>0.368304</td>\n",
       "      <td>0.349934</td>\n",
       "      <td>0.242656</td>\n",
       "      <td>0.535528</td>\n",
       "      <td>0.465177</td>\n",
       "      <td>0.061592</td>\n",
       "      <td>0.326004</td>\n",
       "      <td>0.332385</td>\n",
       "      <td>0.593822</td>\n",
       "      <td>0.360491</td>\n",
       "      <td>0.391866</td>\n",
       "      <td>0.465608</td>\n",
       "    </tr>\n",
       "    <tr>\n",
       "      <th>GOOGL</th>\n",
       "      <td>0.596721</td>\n",
       "      <td>0.707233</td>\n",
       "      <td>0.974055</td>\n",
       "      <td>1.000000</td>\n",
       "      <td>0.583920</td>\n",
       "      <td>0.357492</td>\n",
       "      <td>0.641477</td>\n",
       "      <td>0.516728</td>\n",
       "      <td>0.383539</td>\n",
       "      <td>0.352642</td>\n",
       "      <td>0.296273</td>\n",
       "      <td>0.562775</td>\n",
       "      <td>0.496866</td>\n",
       "      <td>0.077815</td>\n",
       "      <td>0.320060</td>\n",
       "      <td>0.315015</td>\n",
       "      <td>0.604643</td>\n",
       "      <td>0.368840</td>\n",
       "      <td>0.400143</td>\n",
       "      <td>0.493512</td>\n",
       "    </tr>\n",
       "    <tr>\n",
       "      <th>AMZN</th>\n",
       "      <td>0.604433</td>\n",
       "      <td>0.609897</td>\n",
       "      <td>0.583503</td>\n",
       "      <td>0.583920</td>\n",
       "      <td>1.000000</td>\n",
       "      <td>0.414015</td>\n",
       "      <td>0.542048</td>\n",
       "      <td>0.530795</td>\n",
       "      <td>0.386474</td>\n",
       "      <td>0.269744</td>\n",
       "      <td>0.229155</td>\n",
       "      <td>0.544339</td>\n",
       "      <td>0.425677</td>\n",
       "      <td>0.032830</td>\n",
       "      <td>0.227304</td>\n",
       "      <td>0.201748</td>\n",
       "      <td>0.619564</td>\n",
       "      <td>0.363567</td>\n",
       "      <td>0.323627</td>\n",
       "      <td>0.410404</td>\n",
       "    </tr>\n",
       "    <tr>\n",
       "      <th>TSLA</th>\n",
       "      <td>0.489670</td>\n",
       "      <td>0.411964</td>\n",
       "      <td>0.359539</td>\n",
       "      <td>0.357492</td>\n",
       "      <td>0.414015</td>\n",
       "      <td>1.000000</td>\n",
       "      <td>0.323621</td>\n",
       "      <td>0.470144</td>\n",
       "      <td>0.292242</td>\n",
       "      <td>0.032851</td>\n",
       "      <td>0.389298</td>\n",
       "      <td>0.518690</td>\n",
       "      <td>0.417666</td>\n",
       "      <td>0.130775</td>\n",
       "      <td>0.151402</td>\n",
       "      <td>0.132892</td>\n",
       "      <td>0.458155</td>\n",
       "      <td>0.360004</td>\n",
       "      <td>0.151118</td>\n",
       "      <td>0.470044</td>\n",
       "    </tr>\n",
       "    <tr>\n",
       "      <th>FB</th>\n",
       "      <td>0.555431</td>\n",
       "      <td>0.547791</td>\n",
       "      <td>0.620091</td>\n",
       "      <td>0.641477</td>\n",
       "      <td>0.542048</td>\n",
       "      <td>0.323621</td>\n",
       "      <td>1.000000</td>\n",
       "      <td>0.506397</td>\n",
       "      <td>0.420382</td>\n",
       "      <td>0.316897</td>\n",
       "      <td>0.268277</td>\n",
       "      <td>0.542278</td>\n",
       "      <td>0.418789</td>\n",
       "      <td>0.052703</td>\n",
       "      <td>0.244626</td>\n",
       "      <td>0.263446</td>\n",
       "      <td>0.574594</td>\n",
       "      <td>0.292768</td>\n",
       "      <td>0.314616</td>\n",
       "      <td>0.458268</td>\n",
       "    </tr>\n",
       "    <tr>\n",
       "      <th>NVDA</th>\n",
       "      <td>0.552893</td>\n",
       "      <td>0.616106</td>\n",
       "      <td>0.488620</td>\n",
       "      <td>0.516728</td>\n",
       "      <td>0.530795</td>\n",
       "      <td>0.470144</td>\n",
       "      <td>0.506397</td>\n",
       "      <td>1.000000</td>\n",
       "      <td>0.379249</td>\n",
       "      <td>0.163171</td>\n",
       "      <td>0.312949</td>\n",
       "      <td>0.708933</td>\n",
       "      <td>0.663713</td>\n",
       "      <td>0.077911</td>\n",
       "      <td>0.236379</td>\n",
       "      <td>0.215472</td>\n",
       "      <td>0.684532</td>\n",
       "      <td>0.457824</td>\n",
       "      <td>0.266715</td>\n",
       "      <td>0.630874</td>\n",
       "    </tr>\n",
       "    <tr>\n",
       "      <th>COST</th>\n",
       "      <td>0.493510</td>\n",
       "      <td>0.494368</td>\n",
       "      <td>0.368304</td>\n",
       "      <td>0.383539</td>\n",
       "      <td>0.386474</td>\n",
       "      <td>0.292242</td>\n",
       "      <td>0.420382</td>\n",
       "      <td>0.379249</td>\n",
       "      <td>1.000000</td>\n",
       "      <td>0.476724</td>\n",
       "      <td>0.024962</td>\n",
       "      <td>0.416168</td>\n",
       "      <td>0.370725</td>\n",
       "      <td>0.196148</td>\n",
       "      <td>0.402776</td>\n",
       "      <td>0.271459</td>\n",
       "      <td>0.530172</td>\n",
       "      <td>0.244898</td>\n",
       "      <td>0.238326</td>\n",
       "      <td>0.359936</td>\n",
       "    </tr>\n",
       "    <tr>\n",
       "      <th>PEP</th>\n",
       "      <td>0.364752</td>\n",
       "      <td>0.458429</td>\n",
       "      <td>0.349934</td>\n",
       "      <td>0.352642</td>\n",
       "      <td>0.269744</td>\n",
       "      <td>0.032851</td>\n",
       "      <td>0.316897</td>\n",
       "      <td>0.163171</td>\n",
       "      <td>0.476724</td>\n",
       "      <td>1.000000</td>\n",
       "      <td>0.042671</td>\n",
       "      <td>0.279316</td>\n",
       "      <td>0.228191</td>\n",
       "      <td>0.236953</td>\n",
       "      <td>0.461840</td>\n",
       "      <td>0.426156</td>\n",
       "      <td>0.423028</td>\n",
       "      <td>0.184714</td>\n",
       "      <td>0.388794</td>\n",
       "      <td>0.276741</td>\n",
       "    </tr>\n",
       "    <tr>\n",
       "      <th>NTES</th>\n",
       "      <td>0.262539</td>\n",
       "      <td>0.218710</td>\n",
       "      <td>0.242656</td>\n",
       "      <td>0.296273</td>\n",
       "      <td>0.229155</td>\n",
       "      <td>0.389298</td>\n",
       "      <td>0.268277</td>\n",
       "      <td>0.312949</td>\n",
       "      <td>0.024962</td>\n",
       "      <td>0.042671</td>\n",
       "      <td>1.000000</td>\n",
       "      <td>0.357111</td>\n",
       "      <td>0.275808</td>\n",
       "      <td>0.040697</td>\n",
       "      <td>0.035160</td>\n",
       "      <td>0.103586</td>\n",
       "      <td>0.283846</td>\n",
       "      <td>0.228624</td>\n",
       "      <td>0.130932</td>\n",
       "      <td>0.275531</td>\n",
       "    </tr>\n",
       "    <tr>\n",
       "      <th>AVGO</th>\n",
       "      <td>0.623653</td>\n",
       "      <td>0.625232</td>\n",
       "      <td>0.535528</td>\n",
       "      <td>0.562775</td>\n",
       "      <td>0.544339</td>\n",
       "      <td>0.518690</td>\n",
       "      <td>0.542278</td>\n",
       "      <td>0.708933</td>\n",
       "      <td>0.416168</td>\n",
       "      <td>0.279316</td>\n",
       "      <td>0.357111</td>\n",
       "      <td>1.000000</td>\n",
       "      <td>0.748872</td>\n",
       "      <td>0.112448</td>\n",
       "      <td>0.371268</td>\n",
       "      <td>0.300739</td>\n",
       "      <td>0.654681</td>\n",
       "      <td>0.596081</td>\n",
       "      <td>0.318837</td>\n",
       "      <td>0.841515</td>\n",
       "    </tr>\n",
       "    <tr>\n",
       "      <th>ASML</th>\n",
       "      <td>0.530375</td>\n",
       "      <td>0.593833</td>\n",
       "      <td>0.465177</td>\n",
       "      <td>0.496866</td>\n",
       "      <td>0.425677</td>\n",
       "      <td>0.417666</td>\n",
       "      <td>0.418789</td>\n",
       "      <td>0.663713</td>\n",
       "      <td>0.370725</td>\n",
       "      <td>0.228191</td>\n",
       "      <td>0.275808</td>\n",
       "      <td>0.748872</td>\n",
       "      <td>1.000000</td>\n",
       "      <td>0.210941</td>\n",
       "      <td>0.398197</td>\n",
       "      <td>0.260462</td>\n",
       "      <td>0.604760</td>\n",
       "      <td>0.579070</td>\n",
       "      <td>0.273158</td>\n",
       "      <td>0.774546</td>\n",
       "    </tr>\n",
       "    <tr>\n",
       "      <th>AZN</th>\n",
       "      <td>0.162623</td>\n",
       "      <td>0.164051</td>\n",
       "      <td>0.061592</td>\n",
       "      <td>0.077815</td>\n",
       "      <td>0.032830</td>\n",
       "      <td>0.130775</td>\n",
       "      <td>0.052703</td>\n",
       "      <td>0.077911</td>\n",
       "      <td>0.196148</td>\n",
       "      <td>0.236953</td>\n",
       "      <td>0.040697</td>\n",
       "      <td>0.112448</td>\n",
       "      <td>0.210941</td>\n",
       "      <td>1.000000</td>\n",
       "      <td>0.167384</td>\n",
       "      <td>0.121307</td>\n",
       "      <td>0.138218</td>\n",
       "      <td>0.140982</td>\n",
       "      <td>0.174501</td>\n",
       "      <td>0.150904</td>\n",
       "    </tr>\n",
       "    <tr>\n",
       "      <th>CSCO</th>\n",
       "      <td>0.451065</td>\n",
       "      <td>0.473651</td>\n",
       "      <td>0.326004</td>\n",
       "      <td>0.320060</td>\n",
       "      <td>0.227304</td>\n",
       "      <td>0.151402</td>\n",
       "      <td>0.244626</td>\n",
       "      <td>0.236379</td>\n",
       "      <td>0.402776</td>\n",
       "      <td>0.461840</td>\n",
       "      <td>0.035160</td>\n",
       "      <td>0.371268</td>\n",
       "      <td>0.398197</td>\n",
       "      <td>0.167384</td>\n",
       "      <td>1.000000</td>\n",
       "      <td>0.314448</td>\n",
       "      <td>0.367401</td>\n",
       "      <td>0.341949</td>\n",
       "      <td>0.384482</td>\n",
       "      <td>0.404405</td>\n",
       "    </tr>\n",
       "    <tr>\n",
       "      <th>CMCSA</th>\n",
       "      <td>0.288485</td>\n",
       "      <td>0.374137</td>\n",
       "      <td>0.332385</td>\n",
       "      <td>0.315015</td>\n",
       "      <td>0.201748</td>\n",
       "      <td>0.132892</td>\n",
       "      <td>0.263446</td>\n",
       "      <td>0.215472</td>\n",
       "      <td>0.271459</td>\n",
       "      <td>0.426156</td>\n",
       "      <td>0.103586</td>\n",
       "      <td>0.300739</td>\n",
       "      <td>0.260462</td>\n",
       "      <td>0.121307</td>\n",
       "      <td>0.314448</td>\n",
       "      <td>1.000000</td>\n",
       "      <td>0.326469</td>\n",
       "      <td>0.300503</td>\n",
       "      <td>0.498866</td>\n",
       "      <td>0.374776</td>\n",
       "    </tr>\n",
       "    <tr>\n",
       "      <th>ADBE</th>\n",
       "      <td>0.666081</td>\n",
       "      <td>0.753489</td>\n",
       "      <td>0.593822</td>\n",
       "      <td>0.604643</td>\n",
       "      <td>0.619564</td>\n",
       "      <td>0.458155</td>\n",
       "      <td>0.574594</td>\n",
       "      <td>0.684532</td>\n",
       "      <td>0.530172</td>\n",
       "      <td>0.423028</td>\n",
       "      <td>0.283846</td>\n",
       "      <td>0.654681</td>\n",
       "      <td>0.604760</td>\n",
       "      <td>0.138218</td>\n",
       "      <td>0.367401</td>\n",
       "      <td>0.326469</td>\n",
       "      <td>1.000000</td>\n",
       "      <td>0.367297</td>\n",
       "      <td>0.330219</td>\n",
       "      <td>0.552197</td>\n",
       "    </tr>\n",
       "    <tr>\n",
       "      <th>INTC</th>\n",
       "      <td>0.403483</td>\n",
       "      <td>0.394750</td>\n",
       "      <td>0.360491</td>\n",
       "      <td>0.368840</td>\n",
       "      <td>0.363567</td>\n",
       "      <td>0.360004</td>\n",
       "      <td>0.292768</td>\n",
       "      <td>0.457824</td>\n",
       "      <td>0.244898</td>\n",
       "      <td>0.184714</td>\n",
       "      <td>0.228624</td>\n",
       "      <td>0.596081</td>\n",
       "      <td>0.579070</td>\n",
       "      <td>0.140982</td>\n",
       "      <td>0.341949</td>\n",
       "      <td>0.300503</td>\n",
       "      <td>0.367297</td>\n",
       "      <td>1.000000</td>\n",
       "      <td>0.226961</td>\n",
       "      <td>0.641713</td>\n",
       "    </tr>\n",
       "    <tr>\n",
       "      <th>TMUS</th>\n",
       "      <td>0.325125</td>\n",
       "      <td>0.413036</td>\n",
       "      <td>0.391866</td>\n",
       "      <td>0.400143</td>\n",
       "      <td>0.323627</td>\n",
       "      <td>0.151118</td>\n",
       "      <td>0.314616</td>\n",
       "      <td>0.266715</td>\n",
       "      <td>0.238326</td>\n",
       "      <td>0.388794</td>\n",
       "      <td>0.130932</td>\n",
       "      <td>0.318837</td>\n",
       "      <td>0.273158</td>\n",
       "      <td>0.174501</td>\n",
       "      <td>0.384482</td>\n",
       "      <td>0.498866</td>\n",
       "      <td>0.330219</td>\n",
       "      <td>0.226961</td>\n",
       "      <td>1.000000</td>\n",
       "      <td>0.366630</td>\n",
       "    </tr>\n",
       "    <tr>\n",
       "      <th>TXN</th>\n",
       "      <td>0.493516</td>\n",
       "      <td>0.574815</td>\n",
       "      <td>0.465608</td>\n",
       "      <td>0.493512</td>\n",
       "      <td>0.410404</td>\n",
       "      <td>0.470044</td>\n",
       "      <td>0.458268</td>\n",
       "      <td>0.630874</td>\n",
       "      <td>0.359936</td>\n",
       "      <td>0.276741</td>\n",
       "      <td>0.275531</td>\n",
       "      <td>0.841515</td>\n",
       "      <td>0.774546</td>\n",
       "      <td>0.150904</td>\n",
       "      <td>0.404405</td>\n",
       "      <td>0.374776</td>\n",
       "      <td>0.552197</td>\n",
       "      <td>0.641713</td>\n",
       "      <td>0.366630</td>\n",
       "      <td>1.000000</td>\n",
       "    </tr>\n",
       "  </tbody>\n",
       "</table>\n",
       "</div>"
      ],
      "text/plain": [
       "           AAPL      MSFT      GOOG     GOOGL      AMZN      TSLA        FB  \\\n",
       "AAPL   1.000000  0.719477  0.588542  0.596721  0.604433  0.489670  0.555431   \n",
       "MSFT   0.719477  1.000000  0.693128  0.707233  0.609897  0.411964  0.547791   \n",
       "GOOG   0.588542  0.693128  1.000000  0.974055  0.583503  0.359539  0.620091   \n",
       "GOOGL  0.596721  0.707233  0.974055  1.000000  0.583920  0.357492  0.641477   \n",
       "AMZN   0.604433  0.609897  0.583503  0.583920  1.000000  0.414015  0.542048   \n",
       "TSLA   0.489670  0.411964  0.359539  0.357492  0.414015  1.000000  0.323621   \n",
       "FB     0.555431  0.547791  0.620091  0.641477  0.542048  0.323621  1.000000   \n",
       "NVDA   0.552893  0.616106  0.488620  0.516728  0.530795  0.470144  0.506397   \n",
       "COST   0.493510  0.494368  0.368304  0.383539  0.386474  0.292242  0.420382   \n",
       "PEP    0.364752  0.458429  0.349934  0.352642  0.269744  0.032851  0.316897   \n",
       "NTES   0.262539  0.218710  0.242656  0.296273  0.229155  0.389298  0.268277   \n",
       "AVGO   0.623653  0.625232  0.535528  0.562775  0.544339  0.518690  0.542278   \n",
       "ASML   0.530375  0.593833  0.465177  0.496866  0.425677  0.417666  0.418789   \n",
       "AZN    0.162623  0.164051  0.061592  0.077815  0.032830  0.130775  0.052703   \n",
       "CSCO   0.451065  0.473651  0.326004  0.320060  0.227304  0.151402  0.244626   \n",
       "CMCSA  0.288485  0.374137  0.332385  0.315015  0.201748  0.132892  0.263446   \n",
       "ADBE   0.666081  0.753489  0.593822  0.604643  0.619564  0.458155  0.574594   \n",
       "INTC   0.403483  0.394750  0.360491  0.368840  0.363567  0.360004  0.292768   \n",
       "TMUS   0.325125  0.413036  0.391866  0.400143  0.323627  0.151118  0.314616   \n",
       "TXN    0.493516  0.574815  0.465608  0.493512  0.410404  0.470044  0.458268   \n",
       "\n",
       "           NVDA      COST       PEP      NTES      AVGO      ASML       AZN  \\\n",
       "AAPL   0.552893  0.493510  0.364752  0.262539  0.623653  0.530375  0.162623   \n",
       "MSFT   0.616106  0.494368  0.458429  0.218710  0.625232  0.593833  0.164051   \n",
       "GOOG   0.488620  0.368304  0.349934  0.242656  0.535528  0.465177  0.061592   \n",
       "GOOGL  0.516728  0.383539  0.352642  0.296273  0.562775  0.496866  0.077815   \n",
       "AMZN   0.530795  0.386474  0.269744  0.229155  0.544339  0.425677  0.032830   \n",
       "TSLA   0.470144  0.292242  0.032851  0.389298  0.518690  0.417666  0.130775   \n",
       "FB     0.506397  0.420382  0.316897  0.268277  0.542278  0.418789  0.052703   \n",
       "NVDA   1.000000  0.379249  0.163171  0.312949  0.708933  0.663713  0.077911   \n",
       "COST   0.379249  1.000000  0.476724  0.024962  0.416168  0.370725  0.196148   \n",
       "PEP    0.163171  0.476724  1.000000  0.042671  0.279316  0.228191  0.236953   \n",
       "NTES   0.312949  0.024962  0.042671  1.000000  0.357111  0.275808  0.040697   \n",
       "AVGO   0.708933  0.416168  0.279316  0.357111  1.000000  0.748872  0.112448   \n",
       "ASML   0.663713  0.370725  0.228191  0.275808  0.748872  1.000000  0.210941   \n",
       "AZN    0.077911  0.196148  0.236953  0.040697  0.112448  0.210941  1.000000   \n",
       "CSCO   0.236379  0.402776  0.461840  0.035160  0.371268  0.398197  0.167384   \n",
       "CMCSA  0.215472  0.271459  0.426156  0.103586  0.300739  0.260462  0.121307   \n",
       "ADBE   0.684532  0.530172  0.423028  0.283846  0.654681  0.604760  0.138218   \n",
       "INTC   0.457824  0.244898  0.184714  0.228624  0.596081  0.579070  0.140982   \n",
       "TMUS   0.266715  0.238326  0.388794  0.130932  0.318837  0.273158  0.174501   \n",
       "TXN    0.630874  0.359936  0.276741  0.275531  0.841515  0.774546  0.150904   \n",
       "\n",
       "           CSCO     CMCSA      ADBE      INTC      TMUS       TXN  \n",
       "AAPL   0.451065  0.288485  0.666081  0.403483  0.325125  0.493516  \n",
       "MSFT   0.473651  0.374137  0.753489  0.394750  0.413036  0.574815  \n",
       "GOOG   0.326004  0.332385  0.593822  0.360491  0.391866  0.465608  \n",
       "GOOGL  0.320060  0.315015  0.604643  0.368840  0.400143  0.493512  \n",
       "AMZN   0.227304  0.201748  0.619564  0.363567  0.323627  0.410404  \n",
       "TSLA   0.151402  0.132892  0.458155  0.360004  0.151118  0.470044  \n",
       "FB     0.244626  0.263446  0.574594  0.292768  0.314616  0.458268  \n",
       "NVDA   0.236379  0.215472  0.684532  0.457824  0.266715  0.630874  \n",
       "COST   0.402776  0.271459  0.530172  0.244898  0.238326  0.359936  \n",
       "PEP    0.461840  0.426156  0.423028  0.184714  0.388794  0.276741  \n",
       "NTES   0.035160  0.103586  0.283846  0.228624  0.130932  0.275531  \n",
       "AVGO   0.371268  0.300739  0.654681  0.596081  0.318837  0.841515  \n",
       "ASML   0.398197  0.260462  0.604760  0.579070  0.273158  0.774546  \n",
       "AZN    0.167384  0.121307  0.138218  0.140982  0.174501  0.150904  \n",
       "CSCO   1.000000  0.314448  0.367401  0.341949  0.384482  0.404405  \n",
       "CMCSA  0.314448  1.000000  0.326469  0.300503  0.498866  0.374776  \n",
       "ADBE   0.367401  0.326469  1.000000  0.367297  0.330219  0.552197  \n",
       "INTC   0.341949  0.300503  0.367297  1.000000  0.226961  0.641713  \n",
       "TMUS   0.384482  0.498866  0.330219  0.226961  1.000000  0.366630  \n",
       "TXN    0.404405  0.374776  0.552197  0.641713  0.366630  1.000000  "
      ]
     },
     "execution_count": 4,
     "metadata": {},
     "output_type": "execute_result"
    }
   ],
   "source": [
    "logrets_mtx.corr(method='pearson')"
   ]
  },
  {
   "cell_type": "markdown",
   "metadata": {},
   "source": [
    "## Statistical Modelling"
   ]
  },
  {
   "cell_type": "markdown",
   "metadata": {},
   "source": [
    "### Data generation preview"
   ]
  },
  {
   "cell_type": "code",
   "execution_count": 5,
   "metadata": {},
   "outputs": [
    {
     "data": {
      "text/html": [
       "<div>\n",
       "<style scoped>\n",
       "    .dataframe tbody tr th:only-of-type {\n",
       "        vertical-align: middle;\n",
       "    }\n",
       "\n",
       "    .dataframe tbody tr th {\n",
       "        vertical-align: top;\n",
       "    }\n",
       "\n",
       "    .dataframe thead th {\n",
       "        text-align: right;\n",
       "    }\n",
       "</style>\n",
       "<table border=\"1\" class=\"dataframe\">\n",
       "  <thead>\n",
       "    <tr style=\"text-align: right;\">\n",
       "      <th></th>\n",
       "      <th>AAPL</th>\n",
       "      <th>MSFT</th>\n",
       "      <th>GOOG</th>\n",
       "      <th>GOOGL</th>\n",
       "      <th>AMZN</th>\n",
       "      <th>TSLA</th>\n",
       "      <th>FB</th>\n",
       "      <th>NVDA</th>\n",
       "      <th>COST</th>\n",
       "      <th>PEP</th>\n",
       "      <th>NTES</th>\n",
       "      <th>AVGO</th>\n",
       "      <th>ASML</th>\n",
       "      <th>AZN</th>\n",
       "      <th>CSCO</th>\n",
       "      <th>CMCSA</th>\n",
       "      <th>ADBE</th>\n",
       "      <th>INTC</th>\n",
       "      <th>TMUS</th>\n",
       "      <th>TXN</th>\n",
       "    </tr>\n",
       "  </thead>\n",
       "  <tbody>\n",
       "    <tr>\n",
       "      <th>0</th>\n",
       "      <td>0.007990</td>\n",
       "      <td>0.026827</td>\n",
       "      <td>0.016306</td>\n",
       "      <td>0.021091</td>\n",
       "      <td>0.019047</td>\n",
       "      <td>-0.029194</td>\n",
       "      <td>0.024563</td>\n",
       "      <td>0.018040</td>\n",
       "      <td>-0.005942</td>\n",
       "      <td>-0.011813</td>\n",
       "      <td>-0.013082</td>\n",
       "      <td>0.002252</td>\n",
       "      <td>-0.009368</td>\n",
       "      <td>-0.011277</td>\n",
       "      <td>-0.014285</td>\n",
       "      <td>-0.001271</td>\n",
       "      <td>0.024827</td>\n",
       "      <td>-0.030889</td>\n",
       "      <td>-0.023718</td>\n",
       "      <td>0.007123</td>\n",
       "    </tr>\n",
       "    <tr>\n",
       "      <th>1</th>\n",
       "      <td>-0.006769</td>\n",
       "      <td>-0.004128</td>\n",
       "      <td>0.010163</td>\n",
       "      <td>0.007133</td>\n",
       "      <td>0.012285</td>\n",
       "      <td>-0.011758</td>\n",
       "      <td>-0.018629</td>\n",
       "      <td>-0.057698</td>\n",
       "      <td>-0.017266</td>\n",
       "      <td>0.009576</td>\n",
       "      <td>-0.028208</td>\n",
       "      <td>-0.015365</td>\n",
       "      <td>0.002316</td>\n",
       "      <td>0.022071</td>\n",
       "      <td>0.004816</td>\n",
       "      <td>-0.012369</td>\n",
       "      <td>0.002699</td>\n",
       "      <td>-0.026909</td>\n",
       "      <td>0.034049</td>\n",
       "      <td>0.001067</td>\n",
       "    </tr>\n",
       "    <tr>\n",
       "      <th>2</th>\n",
       "      <td>-0.005040</td>\n",
       "      <td>0.011482</td>\n",
       "      <td>0.027883</td>\n",
       "      <td>0.027167</td>\n",
       "      <td>0.010442</td>\n",
       "      <td>0.007874</td>\n",
       "      <td>0.003293</td>\n",
       "      <td>0.038688</td>\n",
       "      <td>0.000514</td>\n",
       "      <td>-0.002024</td>\n",
       "      <td>0.013364</td>\n",
       "      <td>0.017941</td>\n",
       "      <td>0.032927</td>\n",
       "      <td>0.000390</td>\n",
       "      <td>0.003041</td>\n",
       "      <td>0.014063</td>\n",
       "      <td>0.009042</td>\n",
       "      <td>0.016159</td>\n",
       "      <td>0.002189</td>\n",
       "      <td>0.018267</td>\n",
       "    </tr>\n",
       "    <tr>\n",
       "      <th>3</th>\n",
       "      <td>0.001656</td>\n",
       "      <td>0.005329</td>\n",
       "      <td>0.020109</td>\n",
       "      <td>0.022190</td>\n",
       "      <td>0.007813</td>\n",
       "      <td>-0.022895</td>\n",
       "      <td>0.011321</td>\n",
       "      <td>0.033514</td>\n",
       "      <td>-0.008591</td>\n",
       "      <td>-0.008282</td>\n",
       "      <td>-0.017149</td>\n",
       "      <td>0.002746</td>\n",
       "      <td>-0.004159</td>\n",
       "      <td>-0.028805</td>\n",
       "      <td>-0.005146</td>\n",
       "      <td>0.021967</td>\n",
       "      <td>0.003250</td>\n",
       "      <td>0.024676</td>\n",
       "      <td>-0.000476</td>\n",
       "      <td>0.005914</td>\n",
       "    </tr>\n",
       "    <tr>\n",
       "      <th>4</th>\n",
       "      <td>0.001638</td>\n",
       "      <td>0.015702</td>\n",
       "      <td>0.006153</td>\n",
       "      <td>0.006289</td>\n",
       "      <td>0.018527</td>\n",
       "      <td>0.034885</td>\n",
       "      <td>-0.006045</td>\n",
       "      <td>0.017649</td>\n",
       "      <td>-0.001098</td>\n",
       "      <td>-0.002072</td>\n",
       "      <td>0.021060</td>\n",
       "      <td>-0.003999</td>\n",
       "      <td>0.026502</td>\n",
       "      <td>0.003145</td>\n",
       "      <td>0.001616</td>\n",
       "      <td>0.010556</td>\n",
       "      <td>0.028032</td>\n",
       "      <td>0.014052</td>\n",
       "      <td>0.014875</td>\n",
       "      <td>0.004549</td>\n",
       "    </tr>\n",
       "    <tr>\n",
       "      <th>...</th>\n",
       "      <td>...</td>\n",
       "      <td>...</td>\n",
       "      <td>...</td>\n",
       "      <td>...</td>\n",
       "      <td>...</td>\n",
       "      <td>...</td>\n",
       "      <td>...</td>\n",
       "      <td>...</td>\n",
       "      <td>...</td>\n",
       "      <td>...</td>\n",
       "      <td>...</td>\n",
       "      <td>...</td>\n",
       "      <td>...</td>\n",
       "      <td>...</td>\n",
       "      <td>...</td>\n",
       "      <td>...</td>\n",
       "      <td>...</td>\n",
       "      <td>...</td>\n",
       "      <td>...</td>\n",
       "      <td>...</td>\n",
       "    </tr>\n",
       "    <tr>\n",
       "      <th>247</th>\n",
       "      <td>0.002438</td>\n",
       "      <td>-0.003689</td>\n",
       "      <td>-0.007378</td>\n",
       "      <td>-0.007432</td>\n",
       "      <td>-0.004301</td>\n",
       "      <td>-0.011399</td>\n",
       "      <td>0.012090</td>\n",
       "      <td>0.048365</td>\n",
       "      <td>0.020032</td>\n",
       "      <td>0.014293</td>\n",
       "      <td>-0.027859</td>\n",
       "      <td>0.030987</td>\n",
       "      <td>0.023688</td>\n",
       "      <td>-0.006864</td>\n",
       "      <td>0.025175</td>\n",
       "      <td>0.002211</td>\n",
       "      <td>0.012381</td>\n",
       "      <td>0.019603</td>\n",
       "      <td>-0.000615</td>\n",
       "      <td>0.029081</td>\n",
       "    </tr>\n",
       "    <tr>\n",
       "      <th>248</th>\n",
       "      <td>-0.023530</td>\n",
       "      <td>0.023468</td>\n",
       "      <td>0.027865</td>\n",
       "      <td>0.030562</td>\n",
       "      <td>-0.087687</td>\n",
       "      <td>0.057099</td>\n",
       "      <td>-0.019242</td>\n",
       "      <td>-0.087667</td>\n",
       "      <td>-0.017714</td>\n",
       "      <td>-0.010941</td>\n",
       "      <td>-0.027090</td>\n",
       "      <td>-0.038036</td>\n",
       "      <td>-0.045845</td>\n",
       "      <td>0.028658</td>\n",
       "      <td>0.024688</td>\n",
       "      <td>0.035567</td>\n",
       "      <td>-0.013674</td>\n",
       "      <td>-0.096290</td>\n",
       "      <td>0.072601</td>\n",
       "      <td>0.002134</td>\n",
       "    </tr>\n",
       "    <tr>\n",
       "      <th>249</th>\n",
       "      <td>0.020953</td>\n",
       "      <td>0.016362</td>\n",
       "      <td>0.011794</td>\n",
       "      <td>0.009174</td>\n",
       "      <td>0.002675</td>\n",
       "      <td>0.013435</td>\n",
       "      <td>0.024416</td>\n",
       "      <td>0.024929</td>\n",
       "      <td>0.009631</td>\n",
       "      <td>-0.006060</td>\n",
       "      <td>-0.034435</td>\n",
       "      <td>0.005813</td>\n",
       "      <td>0.023322</td>\n",
       "      <td>0.011326</td>\n",
       "      <td>0.003519</td>\n",
       "      <td>0.010133</td>\n",
       "      <td>0.016992</td>\n",
       "      <td>0.010188</td>\n",
       "      <td>0.002184</td>\n",
       "      <td>0.007565</td>\n",
       "    </tr>\n",
       "    <tr>\n",
       "      <th>250</th>\n",
       "      <td>0.012139</td>\n",
       "      <td>0.009187</td>\n",
       "      <td>-0.004003</td>\n",
       "      <td>-0.003717</td>\n",
       "      <td>0.001411</td>\n",
       "      <td>-0.027167</td>\n",
       "      <td>0.004799</td>\n",
       "      <td>0.018007</td>\n",
       "      <td>0.003346</td>\n",
       "      <td>-0.003097</td>\n",
       "      <td>0.031940</td>\n",
       "      <td>-0.011274</td>\n",
       "      <td>0.003807</td>\n",
       "      <td>0.003141</td>\n",
       "      <td>-0.012817</td>\n",
       "      <td>0.008093</td>\n",
       "      <td>-0.007834</td>\n",
       "      <td>-0.001706</td>\n",
       "      <td>0.002067</td>\n",
       "      <td>-0.001633</td>\n",
       "    </tr>\n",
       "    <tr>\n",
       "      <th>251</th>\n",
       "      <td>0.034659</td>\n",
       "      <td>0.028461</td>\n",
       "      <td>0.045382</td>\n",
       "      <td>0.046452</td>\n",
       "      <td>0.043819</td>\n",
       "      <td>0.061477</td>\n",
       "      <td>0.026342</td>\n",
       "      <td>0.059082</td>\n",
       "      <td>0.011812</td>\n",
       "      <td>0.009313</td>\n",
       "      <td>0.056765</td>\n",
       "      <td>0.046762</td>\n",
       "      <td>0.035000</td>\n",
       "      <td>-0.002055</td>\n",
       "      <td>-0.002729</td>\n",
       "      <td>0.016628</td>\n",
       "      <td>0.023768</td>\n",
       "      <td>0.028254</td>\n",
       "      <td>0.000367</td>\n",
       "      <td>0.026684</td>\n",
       "    </tr>\n",
       "  </tbody>\n",
       "</table>\n",
       "<p>252 rows × 20 columns</p>\n",
       "</div>"
      ],
      "text/plain": [
       "         AAPL      MSFT      GOOG     GOOGL      AMZN      TSLA        FB  \\\n",
       "0    0.007990  0.026827  0.016306  0.021091  0.019047 -0.029194  0.024563   \n",
       "1   -0.006769 -0.004128  0.010163  0.007133  0.012285 -0.011758 -0.018629   \n",
       "2   -0.005040  0.011482  0.027883  0.027167  0.010442  0.007874  0.003293   \n",
       "3    0.001656  0.005329  0.020109  0.022190  0.007813 -0.022895  0.011321   \n",
       "4    0.001638  0.015702  0.006153  0.006289  0.018527  0.034885 -0.006045   \n",
       "..        ...       ...       ...       ...       ...       ...       ...   \n",
       "247  0.002438 -0.003689 -0.007378 -0.007432 -0.004301 -0.011399  0.012090   \n",
       "248 -0.023530  0.023468  0.027865  0.030562 -0.087687  0.057099 -0.019242   \n",
       "249  0.020953  0.016362  0.011794  0.009174  0.002675  0.013435  0.024416   \n",
       "250  0.012139  0.009187 -0.004003 -0.003717  0.001411 -0.027167  0.004799   \n",
       "251  0.034659  0.028461  0.045382  0.046452  0.043819  0.061477  0.026342   \n",
       "\n",
       "         NVDA      COST       PEP      NTES      AVGO      ASML       AZN  \\\n",
       "0    0.018040 -0.005942 -0.011813 -0.013082  0.002252 -0.009368 -0.011277   \n",
       "1   -0.057698 -0.017266  0.009576 -0.028208 -0.015365  0.002316  0.022071   \n",
       "2    0.038688  0.000514 -0.002024  0.013364  0.017941  0.032927  0.000390   \n",
       "3    0.033514 -0.008591 -0.008282 -0.017149  0.002746 -0.004159 -0.028805   \n",
       "4    0.017649 -0.001098 -0.002072  0.021060 -0.003999  0.026502  0.003145   \n",
       "..        ...       ...       ...       ...       ...       ...       ...   \n",
       "247  0.048365  0.020032  0.014293 -0.027859  0.030987  0.023688 -0.006864   \n",
       "248 -0.087667 -0.017714 -0.010941 -0.027090 -0.038036 -0.045845  0.028658   \n",
       "249  0.024929  0.009631 -0.006060 -0.034435  0.005813  0.023322  0.011326   \n",
       "250  0.018007  0.003346 -0.003097  0.031940 -0.011274  0.003807  0.003141   \n",
       "251  0.059082  0.011812  0.009313  0.056765  0.046762  0.035000 -0.002055   \n",
       "\n",
       "         CSCO     CMCSA      ADBE      INTC      TMUS       TXN  \n",
       "0   -0.014285 -0.001271  0.024827 -0.030889 -0.023718  0.007123  \n",
       "1    0.004816 -0.012369  0.002699 -0.026909  0.034049  0.001067  \n",
       "2    0.003041  0.014063  0.009042  0.016159  0.002189  0.018267  \n",
       "3   -0.005146  0.021967  0.003250  0.024676 -0.000476  0.005914  \n",
       "4    0.001616  0.010556  0.028032  0.014052  0.014875  0.004549  \n",
       "..        ...       ...       ...       ...       ...       ...  \n",
       "247  0.025175  0.002211  0.012381  0.019603 -0.000615  0.029081  \n",
       "248  0.024688  0.035567 -0.013674 -0.096290  0.072601  0.002134  \n",
       "249  0.003519  0.010133  0.016992  0.010188  0.002184  0.007565  \n",
       "250 -0.012817  0.008093 -0.007834 -0.001706  0.002067 -0.001633  \n",
       "251 -0.002729  0.016628  0.023768  0.028254  0.000367  0.026684  \n",
       "\n",
       "[252 rows x 20 columns]"
      ]
     },
     "execution_count": 5,
     "metadata": {},
     "output_type": "execute_result"
    }
   ],
   "source": [
    "import smsa.sampling\n",
    "\n",
    "generated_logrets_mtx = smsa.sampling.generate_logrets_mtx(0.5, 252, mean, cov, logrets_mtx.columns)\n",
    "generated_logrets_mtx"
   ]
  },
  {
   "cell_type": "code",
   "execution_count": 6,
   "metadata": {},
   "outputs": [
    {
     "data": {
