{
 "cells": [
  {
   "cell_type": "markdown",
   "metadata": {},
   "source": [
    "### Dependencies, includes, paths"
   ]
  },
  {
   "cell_type": "code",
   "execution_count": 1,
   "metadata": {},
   "outputs": [],
   "source": [
    "import sys\n",
    "import subprocess\n",
    "import pkg_resources\n",
    "\n",
    "required = {'numpy', 'pandas'}\n",
    "installed = {pkg.key for pkg in pkg_resources.working_set}\n",
    "missing = required - installed\n",
    "\n",
    "if missing:\n",
    "    python = sys.executable\n",
    "    subprocess.check_call([python, '-m', 'pip', 'install', *missing], stdout=subprocess.DEVNULL)\n",
    "\n",
    "import numpy as np\n",
    "import pandas as pd\n",
    "\n",
    "BASE_PATH    = 'C:/Users/pavel/github/SMSA/'\n",
    "DATA_PATH    = f'{BASE_PATH}/data/NASDAQ-100/'\n",
    "TICKERS_PATH = f'{BASE_PATH}/data/NASDAQ-100.csv'\n",
    "\n",
    "import seaborn as sns\n",
    "import matplotlib.pyplot as plt\n",
    "import matplotlib.patches as mpatches\n",
    "import matplotlib.colors"
   ]
  },
  {
   "cell_type": "markdown",
   "metadata": {},
   "source": [
    "### Data Import"
   ]
  },
  {
   "cell_type": "code",
   "execution_count": 2,
   "metadata": {},
   "outputs": [
    {
     "name": "stdout",
     "output_type": "stream",
     "text": [
      "sample_size: 200\n"
     ]
    },
    {
     "name": "stderr",
     "output_type": "stream",
     "text": [
      "C:\\Users\\pavel\\AppData\\Local\\Temp\\ipykernel_9072\\2780268439.py:13: SettingWithCopyWarning: \n",
      "A value is trying to be set on a copy of a slice from a DataFrame\n",
      "\n",
      "See the caveats in the documentation: https://pandas.pydata.org/pandas-docs/stable/user_guide/indexing.html#returning-a-view-versus-a-copy\n",
      "  logrets_mtx.drop(logrets_mtx.tail(52).index, inplace = True)\n"
     ]
    }
   ],
   "source": [
    "import smsa\n",
    "import smsa.data_import\n",
    "\n",
    "tickers = smsa.data_import.read_tickers(TICKERS_PATH)\n",
    "tickers = tickers[:20]\n",
    "data_for_ticker = smsa.data_import.read_historical_data(tickers, DATA_PATH)\n",
    "\n",
    "table = smsa.data_import.merge_table(data_for_ticker)\n",
    "table = table.dropna(axis='columns')\n",
    "table = smsa.data_import.table_logret(table)\n",
    "\n",
    "logrets_mtx = table.loc[:, table.columns != 'Date']\n",
    "logrets_mtx.drop(logrets_mtx.tail(52).index, inplace = True)\n",
    "sample_size = logrets_mtx.shape[0]\n",
    "print(f'sample_size: {sample_size}')"
   ]
  },
  {
   "cell_type": "markdown",
   "metadata": {},
   "source": [
    "## Mean, cov maximum likelihood estimations for the data"
   ]
  },
  {
   "cell_type": "code",
   "execution_count": 3,
   "metadata": {},
   "outputs": [],
   "source": [
    "import smsa.pearson\n",
    "import copy\n",
    "\n",
    "logrets_mtx_20 = copy.deepcopy(logrets_mtx)\n",
    "mean = logrets_mtx.mean()\n",
    "cov  = logrets_mtx.cov()"
   ]
  },
  {
   "cell_type": "code",
   "execution_count": 4,
   "metadata": {},
   "outputs": [
    {
     "data": {
      "text/html": [
       "<div>\n",
       "<style scoped>\n",
       "    .dataframe tbody tr th:only-of-type {\n",
       "        vertical-align: middle;\n",
       "    }\n",
       "\n",
       "    .dataframe tbody tr th {\n",
       "        vertical-align: top;\n",
       "    }\n",
       "\n",
       "    .dataframe thead th {\n",
       "        text-align: right;\n",
       "    }\n",
       "</style>\n",
       "<table border=\"1\" class=\"dataframe\">\n",
       "  <thead>\n",
       "    <tr style=\"text-align: right;\">\n",
       "      <th></th>\n",
       "      <th>AAPL</th>\n",
       "      <th>MSFT</th>\n",
       "      <th>GOOG</th>\n",
       "      <th>GOOGL</th>\n",
       "      <th>AMZN</th>\n",
       "      <th>TSLA</th>\n",
       "      <th>FB</th>\n",
       "      <th>NVDA</th>\n",
       "      <th>COST</th>\n",
       "      <th>PEP</th>\n",
       "      <th>NTES</th>\n",
       "      <th>AVGO</th>\n",
       "      <th>ASML</th>\n",
       "      <th>AZN</th>\n",
       "      <th>CSCO</th>\n",
       "      <th>CMCSA</th>\n",
       "      <th>ADBE</th>\n",
       "      <th>INTC</th>\n",
       "      <th>TMUS</th>\n",
       "      <th>TXN</th>\n",
       "    </tr>\n",
       "  </thead>\n",
       "  <tbody>\n",
       "    <tr>\n",
       "      <th>AAPL</th>\n",
       "      <td>1.000000</td>\n",
       "      <td>0.719477</td>\n",
       "      <td>0.588542</td>\n",
       "      <td>0.596721</td>\n",
       "      <td>0.604433</td>\n",
       "      <td>0.489670</td>\n",
       "      <td>0.555431</td>\n",
       "      <td>0.552893</td>\n",
       "      <td>0.493510</td>\n",
       "      <td>0.364752</td>\n",
       "      <td>0.262539</td>\n",
       "      <td>0.623653</td>\n",
       "      <td>0.530375</td>\n",
       "      <td>0.162623</td>\n",
       "      <td>0.451065</td>\n",
       "      <td>0.288485</td>\n",
       "      <td>0.666081</td>\n",
       "      <td>0.403483</td>\n",
       "      <td>0.325125</td>\n",
       "      <td>0.493516</td>\n",
       "    </tr>\n",
       "    <tr>\n",
       "      <th>MSFT</th>\n",
       "      <td>0.719477</td>\n",
       "      <td>1.000000</td>\n",
       "      <td>0.693128</td>\n",
       "      <td>0.707233</td>\n",
       "      <td>0.609897</td>\n",
       "      <td>0.411964</td>\n",
       "      <td>0.547791</td>\n",
       "      <td>0.616106</td>\n",
       "      <td>0.494368</td>\n",
       "      <td>0.458429</td>\n",
       "      <td>0.218710</td>\n",
       "      <td>0.625232</td>\n",
       "      <td>0.593833</td>\n",
       "      <td>0.164051</td>\n",
       "      <td>0.473651</td>\n",
       "      <td>0.374137</td>\n",
       "      <td>0.753489</td>\n",
       "      <td>0.394750</td>\n",
       "      <td>0.413036</td>\n",
       "      <td>0.574815</td>\n",
       "    </tr>\n",
       "    <tr>\n",
       "      <th>GOOG</th>\n",
       "      <td>0.588542</td>\n",
       "      <td>0.693128</td>\n",
       "      <td>1.000000</td>\n",
       "      <td>0.974055</td>\n",
       "      <td>0.583503</td>\n",
       "      <td>0.359539</td>\n",
       "      <td>0.620091</td>\n",
       "      <td>0.488620</td>\n",
       "      <td>0.368304</td>\n",
       "      <td>0.349934</td>\n",
       "      <td>0.242656</td>\n",
       "      <td>0.535528</td>\n",
       "      <td>0.465177</td>\n",
       "      <td>0.061592</td>\n",
       "      <td>0.326004</td>\n",
       "      <td>0.332385</td>\n",
       "      <td>0.593822</td>\n",
       "      <td>0.360491</td>\n",
       "      <td>0.391866</td>\n",
       "      <td>0.465608</td>\n",
       "    </tr>\n",
       "    <tr>\n",
       "      <th>GOOGL</th>\n",
       "      <td>0.596721</td>\n",
       "      <td>0.707233</td>\n",
       "      <td>0.974055</td>\n",
       "      <td>1.000000</td>\n",
       "      <td>0.583920</td>\n",
       "      <td>0.357492</td>\n",
       "      <td>0.641477</td>\n",
       "      <td>0.516728</td>\n",
       "      <td>0.383539</td>\n",
       "      <td>0.352642</td>\n",
       "      <td>0.296273</td>\n",
       "      <td>0.562775</td>\n",
       "      <td>0.496866</td>\n",
       "      <td>0.077815</td>\n",
       "      <td>0.320060</td>\n",
       "      <td>0.315015</td>\n",
       "      <td>0.604643</td>\n",
       "      <td>0.368840</td>\n",
       "      <td>0.400143</td>\n",
       "      <td>0.493512</td>\n",
       "    </tr>\n",
       "    <tr>\n",
       "      <th>AMZN</th>\n",
       "      <td>0.604433</td>\n",
       "      <td>0.609897</td>\n",
       "      <td>0.583503</td>\n",
       "      <td>0.583920</td>\n",
       "      <td>1.000000</td>\n",
       "      <td>0.414015</td>\n",
       "      <td>0.542048</td>\n",
       "      <td>0.530795</td>\n",
       "      <td>0.386474</td>\n",
       "      <td>0.269744</td>\n",
       "      <td>0.229155</td>\n",
       "      <td>0.544339</td>\n",
       "      <td>0.425677</td>\n",
       "      <td>0.032830</td>\n",
       "      <td>0.227304</td>\n",
       "      <td>0.201748</td>\n",
       "      <td>0.619564</td>\n",
       "      <td>0.363567</td>\n",
       "      <td>0.323627</td>\n",
       "      <td>0.410404</td>\n",
       "    </tr>\n",
       "    <tr>\n",
       "      <th>TSLA</th>\n",
       "      <td>0.489670</td>\n",
       "      <td>0.411964</td>\n",
       "      <td>0.359539</td>\n",
       "      <td>0.357492</td>\n",
       "      <td>0.414015</td>\n",
       "      <td>1.000000</td>\n",
       "      <td>0.323621</td>\n",
       "      <td>0.470144</td>\n",
       "      <td>0.292242</td>\n",
       "      <td>0.032851</td>\n",
       "      <td>0.389298</td>\n",
       "      <td>0.518690</td>\n",
       "      <td>0.417666</td>\n",
       "      <td>0.130775</td>\n",
       "      <td>0.151402</td>\n",
       "      <td>0.132892</td>\n",
       "      <td>0.458155</td>\n",
       "      <td>0.360004</td>\n",
       "      <td>0.151118</td>\n",
       "      <td>0.470044</td>\n",
       "    </tr>\n",
       "    <tr>\n",
       "      <th>FB</th>\n",
       "      <td>0.555431</td>\n",
       "      <td>0.547791</td>\n",
       "      <td>0.620091</td>\n",
       "      <td>0.641477</td>\n",
       "      <td>0.542048</td>\n",
       "      <td>0.323621</td>\n",
       "      <td>1.000000</td>\n",
       "      <td>0.506397</td>\n",
       "      <td>0.420382</td>\n",
       "      <td>0.316897</td>\n",
       "      <td>0.268277</td>\n",
       "      <td>0.542278</td>\n",
       "      <td>0.418789</td>\n",
       "      <td>0.052703</td>\n",
       "      <td>0.244626</td>\n",
       "      <td>0.263446</td>\n",
       "      <td>0.574594</td>\n",
       "      <td>0.292768</td>\n",
       "      <td>0.314616</td>\n",
       "      <td>0.458268</td>\n",
       "    </tr>\n",
       "    <tr>\n",
       "      <th>NVDA</th>\n",
       "      <td>0.552893</td>\n",
       "      <td>0.616106</td>\n",
       "      <td>0.488620</td>\n",
       "      <td>0.516728</td>\n",
       "      <td>0.530795</td>\n",
       "      <td>0.470144</td>\n",
       "      <td>0.506397</td>\n",
       "      <td>1.000000</td>\n",
       "      <td>0.379249</td>\n",
       "      <td>0.163171</td>\n",
       "      <td>0.312949</td>\n",
       "      <td>0.708933</td>\n",
       "      <td>0.663713</td>\n",
       "      <td>0.077911</td>\n",
       "      <td>0.236379</td>\n",
       "      <td>0.215472</td>\n",
       "      <td>0.684532</td>\n",
       "      <td>0.457824</td>\n",
       "      <td>0.266715</td>\n",
       "      <td>0.630874</td>\n",
       "    </tr>\n",
       "    <tr>\n",
       "      <th>COST</th>\n",
       "      <td>0.493510</td>\n",
       "      <td>0.494368</td>\n",
       "      <td>0.368304</td>\n",
       "      <td>0.383539</td>\n",
       "      <td>0.386474</td>\n",
       "      <td>0.292242</td>\n",
       "      <td>0.420382</td>\n",
       "      <td>0.379249</td>\n",
       "      <td>1.000000</td>\n",
       "      <td>0.476724</td>\n",
       "      <td>0.024962</td>\n",
       "      <td>0.416168</td>\n",
       "      <td>0.370725</td>\n",
       "      <td>0.196148</td>\n",
       "      <td>0.402776</td>\n",
       "      <td>0.271459</td>\n",
       "      <td>0.530172</td>\n",
       "      <td>0.244898</td>\n",
       "      <td>0.238326</td>\n",
       "      <td>0.359936</td>\n",
       "    </tr>\n",
       "    <tr>\n",
       "      <th>PEP</th>\n",
       "      <td>0.364752</td>\n",
       "      <td>0.458429</td>\n",
       "      <td>0.349934</td>\n",
       "      <td>0.352642</td>\n",
       "      <td>0.269744</td>\n",
       "      <td>0.032851</td>\n",
       "      <td>0.316897</td>\n",
       "      <td>0.163171</td>\n",
       "      <td>0.476724</td>\n",
       "      <td>1.000000</td>\n",
       "      <td>0.042671</td>\n",
       "      <td>0.279316</td>\n",
       "      <td>0.228191</td>\n",
       "      <td>0.236953</td>\n",
       "      <td>0.461840</td>\n",
       "      <td>0.426156</td>\n",
       "      <td>0.423028</td>\n",
       "      <td>0.184714</td>\n",
       "      <td>0.388794</td>\n",
       "      <td>0.276741</td>\n",
       "    </tr>\n",
       "    <tr>\n",
       "      <th>NTES</th>\n",
       "      <td>0.262539</td>\n",
       "      <td>0.218710</td>\n",
       "      <td>0.242656</td>\n",
       "      <td>0.296273</td>\n",
       "      <td>0.229155</td>\n",
       "      <td>0.389298</td>\n",
       "      <td>0.268277</td>\n",
       "      <td>0.312949</td>\n",
       "      <td>0.024962</td>\n",
       "      <td>0.042671</td>\n",
       "      <td>1.000000</td>\n",
       "      <td>0.357111</td>\n",
       "      <td>0.275808</td>\n",
       "      <td>0.040697</td>\n",
       "      <td>0.035160</td>\n",
       "      <td>0.103586</td>\n",
       "      <td>0.283846</td>\n",
       "      <td>0.228624</td>\n",
       "      <td>0.130932</td>\n",
       "      <td>0.275531</td>\n",
       "    </tr>\n",
       "    <tr>\n",
       "      <th>AVGO</th>\n",
       "      <td>0.623653</td>\n",
       "      <td>0.625232</td>\n",
       "      <td>0.535528</td>\n",
       "      <td>0.562775</td>\n",
       "      <td>0.544339</td>\n",
       "      <td>0.518690</td>\n",
       "      <td>0.542278</td>\n",
       "      <td>0.708933</td>\n",
       "      <td>0.416168</td>\n",
       "      <td>0.279316</td>\n",
       "      <td>0.357111</td>\n",
       "      <td>1.000000</td>\n",
       "      <td>0.748872</td>\n",
       "      <td>0.112448</td>\n",
       "      <td>0.371268</td>\n",
       "      <td>0.300739</td>\n",
       "      <td>0.654681</td>\n",
       "      <td>0.596081</td>\n",
       "      <td>0.318837</td>\n",
       "      <td>0.841515</td>\n",
       "    </tr>\n",
       "    <tr>\n",
       "      <th>ASML</th>\n",
       "      <td>0.530375</td>\n",
       "      <td>0.593833</td>\n",
       "      <td>0.465177</td>\n",
       "      <td>0.496866</td>\n",
       "      <td>0.425677</td>\n",
       "      <td>0.417666</td>\n",
       "      <td>0.418789</td>\n",
       "      <td>0.663713</td>\n",
       "      <td>0.370725</td>\n",
       "      <td>0.228191</td>\n",
       "      <td>0.275808</td>\n",
       "      <td>0.748872</td>\n",
       "      <td>1.000000</td>\n",
       "      <td>0.210941</td>\n",
       "      <td>0.398197</td>\n",
       "      <td>0.260462</td>\n",
       "      <td>0.604760</td>\n",
       "      <td>0.579070</td>\n",
       "      <td>0.273158</td>\n",
       "      <td>0.774546</td>\n",
       "    </tr>\n",
       "    <tr>\n",
       "      <th>AZN</th>\n",
       "      <td>0.162623</td>\n",
       "      <td>0.164051</td>\n",
       "      <td>0.061592</td>\n",
       "      <td>0.077815</td>\n",
       "      <td>0.032830</td>\n",
       "      <td>0.130775</td>\n",
       "      <td>0.052703</td>\n",
       "      <td>0.077911</td>\n",
       "      <td>0.196148</td>\n",
       "      <td>0.236953</td>\n",
       "      <td>0.040697</td>\n",
       "      <td>0.112448</td>\n",
       "      <td>0.210941</td>\n",
       "      <td>1.000000</td>\n",
       "      <td>0.167384</td>\n",
       "      <td>0.121307</td>\n",
       "      <td>0.138218</td>\n",
       "      <td>0.140982</td>\n",
       "      <td>0.174501</td>\n",
       "      <td>0.150904</td>\n",
       "    </tr>\n",
       "    <tr>\n",
       "      <th>CSCO</th>\n",
       "      <td>0.451065</td>\n",
       "      <td>0.473651</td>\n",
       "      <td>0.326004</td>\n",
       "      <td>0.320060</td>\n",
       "      <td>0.227304</td>\n",
       "      <td>0.151402</td>\n",
       "      <td>0.244626</td>\n",
       "      <td>0.236379</td>\n",
       "      <td>0.402776</td>\n",
       "      <td>0.461840</td>\n",
       "      <td>0.035160</td>\n",
       "      <td>0.371268</td>\n",
       "      <td>0.398197</td>\n",
       "      <td>0.167384</td>\n",
       "      <td>1.000000</td>\n",
       "      <td>0.314448</td>\n",
       "      <td>0.367401</td>\n",
       "      <td>0.341949</td>\n",
       "      <td>0.384482</td>\n",
       "      <td>0.404405</td>\n",
       "    </tr>\n",
       "    <tr>\n",
       "      <th>CMCSA</th>\n",
       "      <td>0.288485</td>\n",
       "      <td>0.374137</td>\n",
       "      <td>0.332385</td>\n",
       "      <td>0.315015</td>\n",
       "      <td>0.201748</td>\n",
       "      <td>0.132892</td>\n",
       "      <td>0.263446</td>\n",
       "      <td>0.215472</td>\n",
       "      <td>0.271459</td>\n",
       "      <td>0.426156</td>\n",
       "      <td>0.103586</td>\n",
       "      <td>0.300739</td>\n",
       "      <td>0.260462</td>\n",
       "      <td>0.121307</td>\n",
       "      <td>0.314448</td>\n",
       "      <td>1.000000</td>\n",
       "      <td>0.326469</td>\n",
       "      <td>0.300503</td>\n",
       "      <td>0.498866</td>\n",
       "      <td>0.374776</td>\n",
       "    </tr>\n",
       "    <tr>\n",
       "      <th>ADBE</th>\n",
       "      <td>0.666081</td>\n",
       "      <td>0.753489</td>\n",
       "      <td>0.593822</td>\n",
       "      <td>0.604643</td>\n",
       "      <td>0.619564</td>\n",
       "      <td>0.458155</td>\n",
       "      <td>0.574594</td>\n",
       "      <td>0.684532</td>\n",
       "      <td>0.530172</td>\n",
       "      <td>0.423028</td>\n",
       "      <td>0.283846</td>\n",
       "      <td>0.654681</td>\n",
       "      <td>0.604760</td>\n",
       "      <td>0.138218</td>\n",
       "      <td>0.367401</td>\n",
       "      <td>0.326469</td>\n",
       "      <td>1.000000</td>\n",
       "      <td>0.367297</td>\n",
       "      <td>0.330219</td>\n",
       "      <td>0.552197</td>\n",
       "    </tr>\n",
       "    <tr>\n",
       "      <th>INTC</th>\n",
       "      <td>0.403483</td>\n",
       "      <td>0.394750</td>\n",
       "      <td>0.360491</td>\n",
       "      <td>0.368840</td>\n",
       "      <td>0.363567</td>\n",
       "      <td>0.360004</td>\n",
       "      <td>0.292768</td>\n",
       "      <td>0.457824</td>\n",
       "      <td>0.244898</td>\n",
       "      <td>0.184714</td>\n",
       "      <td>0.228624</td>\n",
       "      <td>0.596081</td>\n",
       "      <td>0.579070</td>\n",
       "      <td>0.140982</td>\n",
       "      <td>0.341949</td>\n",
       "      <td>0.300503</td>\n",
       "      <td>0.367297</td>\n",
       "      <td>1.000000</td>\n",
       "      <td>0.226961</td>\n",
       "      <td>0.641713</td>\n",
       "    </tr>\n",
       "    <tr>\n",
       "      <th>TMUS</th>\n",
       "      <td>0.325125</td>\n",
       "      <td>0.413036</td>\n",
       "      <td>0.391866</td>\n",
       "      <td>0.400143</td>\n",
       "      <td>0.323627</td>\n",
       "      <td>0.151118</td>\n",
       "      <td>0.314616</td>\n",
       "      <td>0.266715</td>\n",
       "      <td>0.238326</td>\n",
       "      <td>0.388794</td>\n",
       "      <td>0.130932</td>\n",
       "      <td>0.318837</td>\n",
       "      <td>0.273158</td>\n",
       "      <td>0.174501</td>\n",
       "      <td>0.384482</td>\n",
       "      <td>0.498866</td>\n",
       "      <td>0.330219</td>\n",
       "      <td>0.226961</td>\n",
       "      <td>1.000000</td>\n",
       "      <td>0.366630</td>\n",
       "    </tr>\n",
       "    <tr>\n",
       "      <th>TXN</th>\n",
       "      <td>0.493516</td>\n",
       "      <td>0.574815</td>\n",
       "      <td>0.465608</td>\n",
       "      <td>0.493512</td>\n",
       "      <td>0.410404</td>\n",
       "      <td>0.470044</td>\n",
       "      <td>0.458268</td>\n",
       "      <td>0.630874</td>\n",
       "      <td>0.359936</td>\n",
       "      <td>0.276741</td>\n",
       "      <td>0.275531</td>\n",
       "      <td>0.841515</td>\n",
       "      <td>0.774546</td>\n",
       "      <td>0.150904</td>\n",
       "      <td>0.404405</td>\n",
       "      <td>0.374776</td>\n",
       "      <td>0.552197</td>\n",
       "      <td>0.641713</td>\n",
       "      <td>0.366630</td>\n",
       "      <td>1.000000</td>\n",
       "    </tr>\n",
       "  </tbody>\n",
       "</table>\n",
       "</div>"
      ],
      "text/plain": [
       "           AAPL      MSFT      GOOG     GOOGL      AMZN      TSLA        FB  \\\n",
       "AAPL   1.000000  0.719477  0.588542  0.596721  0.604433  0.489670  0.555431   \n",
       "MSFT   0.719477  1.000000  0.693128  0.707233  0.609897  0.411964  0.547791   \n",
       "GOOG   0.588542  0.693128  1.000000  0.974055  0.583503  0.359539  0.620091   \n",
       "GOOGL  0.596721  0.707233  0.974055  1.000000  0.583920  0.357492  0.641477   \n",
       "AMZN   0.604433  0.609897  0.583503  0.583920  1.000000  0.414015  0.542048   \n",
       "TSLA   0.489670  0.411964  0.359539  0.357492  0.414015  1.000000  0.323621   \n",
       "FB     0.555431  0.547791  0.620091  0.641477  0.542048  0.323621  1.000000   \n",
       "NVDA   0.552893  0.616106  0.488620  0.516728  0.530795  0.470144  0.506397   \n",
       "COST   0.493510  0.494368  0.368304  0.383539  0.386474  0.292242  0.420382   \n",
       "PEP    0.364752  0.458429  0.349934  0.352642  0.269744  0.032851  0.316897   \n",
       "NTES   0.262539  0.218710  0.242656  0.296273  0.229155  0.389298  0.268277   \n",
       "AVGO   0.623653  0.625232  0.535528  0.562775  0.544339  0.518690  0.542278   \n",
       "ASML   0.530375  0.593833  0.465177  0.496866  0.425677  0.417666  0.418789   \n",
       "AZN    0.162623  0.164051  0.061592  0.077815  0.032830  0.130775  0.052703   \n",
       "CSCO   0.451065  0.473651  0.326004  0.320060  0.227304  0.151402  0.244626   \n",
       "CMCSA  0.288485  0.374137  0.332385  0.315015  0.201748  0.132892  0.263446   \n",
       "ADBE   0.666081  0.753489  0.593822  0.604643  0.619564  0.458155  0.574594   \n",
       "INTC   0.403483  0.394750  0.360491  0.368840  0.363567  0.360004  0.292768   \n",
       "TMUS   0.325125  0.413036  0.391866  0.400143  0.323627  0.151118  0.314616   \n",
       "TXN    0.493516  0.574815  0.465608  0.493512  0.410404  0.470044  0.458268   \n",
       "\n",
       "           NVDA      COST       PEP      NTES      AVGO      ASML       AZN  \\\n",
       "AAPL   0.552893  0.493510  0.364752  0.262539  0.623653  0.530375  0.162623   \n",
       "MSFT   0.616106  0.494368  0.458429  0.218710  0.625232  0.593833  0.164051   \n",
       "GOOG   0.488620  0.368304  0.349934  0.242656  0.535528  0.465177  0.061592   \n",
       "GOOGL  0.516728  0.383539  0.352642  0.296273  0.562775  0.496866  0.077815   \n",
       "AMZN   0.530795  0.386474  0.269744  0.229155  0.544339  0.425677  0.032830   \n",
       "TSLA   0.470144  0.292242  0.032851  0.389298  0.518690  0.417666  0.130775   \n",
       "FB     0.506397  0.420382  0.316897  0.268277  0.542278  0.418789  0.052703   \n",
       "NVDA   1.000000  0.379249  0.163171  0.312949  0.708933  0.663713  0.077911   \n",
       "COST   0.379249  1.000000  0.476724  0.024962  0.416168  0.370725  0.196148   \n",
       "PEP    0.163171  0.476724  1.000000  0.042671  0.279316  0.228191  0.236953   \n",
       "NTES   0.312949  0.024962  0.042671  1.000000  0.357111  0.275808  0.040697   \n",
       "AVGO   0.708933  0.416168  0.279316  0.357111  1.000000  0.748872  0.112448   \n",
       "ASML   0.663713  0.370725  0.228191  0.275808  0.748872  1.000000  0.210941   \n",
       "AZN    0.077911  0.196148  0.236953  0.040697  0.112448  0.210941  1.000000   \n",
       "CSCO   0.236379  0.402776  0.461840  0.035160  0.371268  0.398197  0.167384   \n",
       "CMCSA  0.215472  0.271459  0.426156  0.103586  0.300739  0.260462  0.121307   \n",
       "ADBE   0.684532  0.530172  0.423028  0.283846  0.654681  0.604760  0.138218   \n",
       "INTC   0.457824  0.244898  0.184714  0.228624  0.596081  0.579070  0.140982   \n",
       "TMUS   0.266715  0.238326  0.388794  0.130932  0.318837  0.273158  0.174501   \n",
       "TXN    0.630874  0.359936  0.276741  0.275531  0.841515  0.774546  0.150904   \n",
       "\n",
       "           CSCO     CMCSA      ADBE      INTC      TMUS       TXN  \n",
       "AAPL   0.451065  0.288485  0.666081  0.403483  0.325125  0.493516  \n",
       "MSFT   0.473651  0.374137  0.753489  0.394750  0.413036  0.574815  \n",
       "GOOG   0.326004  0.332385  0.593822  0.360491  0.391866  0.465608  \n",
       "GOOGL  0.320060  0.315015  0.604643  0.368840  0.400143  0.493512  \n",
       "AMZN   0.227304  0.201748  0.619564  0.363567  0.323627  0.410404  \n",
       "TSLA   0.151402  0.132892  0.458155  0.360004  0.151118  0.470044  \n",
       "FB     0.244626  0.263446  0.574594  0.292768  0.314616  0.458268  \n",
       "NVDA   0.236379  0.215472  0.684532  0.457824  0.266715  0.630874  \n",
       "COST   0.402776  0.271459  0.530172  0.244898  0.238326  0.359936  \n",
       "PEP    0.461840  0.426156  0.423028  0.184714  0.388794  0.276741  \n",
       "NTES   0.035160  0.103586  0.283846  0.228624  0.130932  0.275531  \n",
       "AVGO   0.371268  0.300739  0.654681  0.596081  0.318837  0.841515  \n",
       "ASML   0.398197  0.260462  0.604760  0.579070  0.273158  0.774546  \n",
       "AZN    0.167384  0.121307  0.138218  0.140982  0.174501  0.150904  \n",
       "CSCO   1.000000  0.314448  0.367401  0.341949  0.384482  0.404405  \n",
       "CMCSA  0.314448  1.000000  0.326469  0.300503  0.498866  0.374776  \n",
       "ADBE   0.367401  0.326469  1.000000  0.367297  0.330219  0.552197  \n",
       "INTC   0.341949  0.300503  0.367297  1.000000  0.226961  0.641713  \n",
       "TMUS   0.384482  0.498866  0.330219  0.226961  1.000000  0.366630  \n",
       "TXN    0.404405  0.374776  0.552197  0.641713  0.366630  1.000000  "
      ]
     },
     "execution_count": 4,
     "metadata": {},
     "output_type": "execute_result"
    }
   ],
   "source": [
    "logrets_mtx.corr(method='pearson')"
   ]
  },
  {
   "cell_type": "markdown",
   "metadata": {},
   "source": [
    "## Statistical Modelling"
   ]
  },
  {
   "cell_type": "markdown",
   "metadata": {},
   "source": [
    "### Data generation preview"
   ]
  },
  {
   "cell_type": "code",
   "execution_count": 5,
   "metadata": {},
   "outputs": [
    {
     "data": {
      "text/html": [
       "<div>\n",
       "<style scoped>\n",
       "    .dataframe tbody tr th:only-of-type {\n",
       "        vertical-align: middle;\n",
       "    }\n",
       "\n",
       "    .dataframe tbody tr th {\n",
       "        vertical-align: top;\n",
       "    }\n",
       "\n",
       "    .dataframe thead th {\n",
       "        text-align: right;\n",
       "    }\n",
       "</style>\n",
       "<table border=\"1\" class=\"dataframe\">\n",
       "  <thead>\n",
       "    <tr style=\"text-align: right;\">\n",
       "      <th></th>\n",
       "      <th>AAPL</th>\n",
       "      <th>MSFT</th>\n",
       "      <th>GOOG</th>\n",
       "      <th>GOOGL</th>\n",
       "      <th>AMZN</th>\n",
       "      <th>TSLA</th>\n",
       "      <th>FB</th>\n",
       "      <th>NVDA</th>\n",
       "      <th>COST</th>\n",
       "      <th>PEP</th>\n",
       "      <th>NTES</th>\n",
       "      <th>AVGO</th>\n",
       "      <th>ASML</th>\n",
       "      <th>AZN</th>\n",
       "      <th>CSCO</th>\n",
       "      <th>CMCSA</th>\n",
       "      <th>ADBE</th>\n",
       "      <th>INTC</th>\n",
       "      <th>TMUS</th>\n",
       "      <th>TXN</th>\n",
       "    </tr>\n",
       "  </thead>\n",
       "  <tbody>\n",
       "    <tr>\n",
       "      <th>0</th>\n",
       "      <td>-0.002901</td>\n",
       "      <td>-0.016577</td>\n",
       "      <td>-0.019069</td>\n",
       "      <td>-0.019287</td>\n",
       "      <td>0.023817</td>\n",
       "      <td>-0.012657</td>\n",
       "      <td>0.016775</td>\n",
       "      <td>0.006575</td>\n",
       "      <td>0.002991</td>\n",
       "      <td>-0.000549</td>\n",
       "      <td>0.011707</td>\n",
       "      <td>0.004819</td>\n",
       "      <td>-0.008695</td>\n",
       "      <td>-0.000532</td>\n",
       "      <td>-0.016368</td>\n",
       "      <td>0.008176</td>\n",
       "      <td>-0.011959</td>\n",
       "      <td>0.004999</td>\n",
       "      <td>0.013561</td>\n",
       "      <td>0.003814</td>\n",
       "    </tr>\n",
       "    <tr>\n",
       "      <th>1</th>\n",
       "      <td>-0.019732</td>\n",
       "      <td>-0.008711</td>\n",
       "      <td>-0.001905</td>\n",
       "      <td>-0.002154</td>\n",
       "      <td>-0.014594</td>\n",
       "      <td>0.017386</td>\n",
       "      <td>-0.013462</td>\n",
       "      <td>0.024504</td>\n",
       "      <td>-0.016309</td>\n",
       "      <td>-0.010557</td>\n",
       "      <td>0.020142</td>\n",
       "      <td>0.005953</td>\n",
       "      <td>-0.005682</td>\n",
       "      <td>-0.006526</td>\n",
       "      <td>-0.020059</td>\n",
       "      <td>-0.016387</td>\n",
       "      <td>-0.015891</td>\n",
       "      <td>-0.012887</td>\n",
       "      <td>-0.019065</td>\n",
       "      <td>0.011065</td>\n",
       "    </tr>\n",
       "    <tr>\n",
       "      <th>2</th>\n",
       "      <td>-0.005495</td>\n",
       "      <td>-0.024070</td>\n",
       "      <td>0.004793</td>\n",
       "      <td>0.004492</td>\n",
       "      <td>0.005008</td>\n",
       "      <td>-0.017256</td>\n",
       "      <td>-0.017748</td>\n",
       "      <td>-0.060935</td>\n",
       "      <td>0.004300</td>\n",
       "      <td>-0.016719</td>\n",
       "      <td>-0.052078</td>\n",
       "      <td>-0.028409</td>\n",
       "      <td>0.004066</td>\n",
       "      <td>0.035381</td>\n",
       "      <td>0.001648</td>\n",
       "      <td>-0.035362</td>\n",
       "      <td>-0.027616</td>\n",
       "      <td>0.015095</td>\n",
       "      <td>-0.003839</td>\n",
       "      <td>-0.025171</td>\n",
       "    </tr>\n",
       "    <tr>\n",
       "      <th>3</th>\n",
       "      <td>-0.006707</td>\n",
       "      <td>-0.014423</td>\n",
       "      <td>-0.014743</td>\n",
       "      <td>-0.015407</td>\n",
       "      <td>0.019920</td>\n",
       "      <td>-0.003912</td>\n",
       "      <td>0.009423</td>\n",
       "      <td>-0.006475</td>\n",
       "      <td>0.003577</td>\n",
       "      <td>0.007212</td>\n",
       "      <td>-0.017868</td>\n",
       "      <td>-0.003912</td>\n",
       "      <td>-0.029027</td>\n",
       "      <td>0.029407</td>\n",
       "      <td>-0.010983</td>\n",
       "      <td>-0.002748</td>\n",
       "      <td>-0.011759</td>\n",
       "      <td>-0.032257</td>\n",
       "      <td>0.008249</td>\n",
       "      <td>-0.010585</td>\n",
       "    </tr>\n",
       "    <tr>\n",
       "      <th>4</th>\n",
       "      <td>-0.007068</td>\n",
       "      <td>0.005321</td>\n",
       "      <td>-0.004337</td>\n",
       "      <td>-0.004400</td>\n",
       "      <td>-0.009937</td>\n",
       "      <td>-0.027737</td>\n",
       "      <td>-0.003781</td>\n",
       "      <td>-0.007359</td>\n",
       "      <td>0.010233</td>\n",
       "      <td>0.005281</td>\n",
       "      <td>-0.021238</td>\n",
       "      <td>0.010712</td>\n",
       "      <td>-0.000744</td>\n",
       "      <td>-0.004925</td>\n",
       "      <td>0.009739</td>\n",
       "      <td>0.008000</td>\n",
       "      <td>0.008237</td>\n",
       "      <td>0.002565</td>\n",
       "      <td>-0.005045</td>\n",
       "      <td>0.013068</td>\n",
       "    </tr>\n",
       "    <tr>\n",
       "      <th>...</th>\n",
       "      <td>...</td>\n",
       "      <td>...</td>\n",
       "      <td>...</td>\n",
       "      <td>...</td>\n",
       "      <td>...</td>\n",
       "      <td>...</td>\n",
       "      <td>...</td>\n",
       "      <td>...</td>\n",
       "      <td>...</td>\n",
       "      <td>...</td>\n",
       "      <td>...</td>\n",
       "      <td>...</td>\n",
       "      <td>...</td>\n",
       "      <td>...</td>\n",
       "      <td>...</td>\n",
       "      <td>...</td>\n",
       "      <td>...</td>\n",
       "      <td>...</td>\n",
       "      <td>...</td>\n",
       "      <td>...</td>\n",
       "    </tr>\n",
       "    <tr>\n",
       "      <th>247</th>\n",
       "      <td>-0.007138</td>\n",
       "      <td>-0.018275</td>\n",
       "      <td>-0.004998</td>\n",
       "      <td>-0.009728</td>\n",
       "      <td>-0.006209</td>\n",
       "      <td>0.032968</td>\n",
       "      <td>-0.006041</td>\n",
       "      <td>-0.021474</td>\n",
       "      <td>-0.001984</td>\n",
       "      <td>0.004396</td>\n",
       "      <td>0.037224</td>\n",
       "      <td>0.025962</td>\n",
       "      <td>0.024835</td>\n",
       "      <td>0.023607</td>\n",
       "      <td>-0.003931</td>\n",
       "      <td>-0.035933</td>\n",
       "      <td>-0.003954</td>\n",
       "      <td>-0.007002</td>\n",
       "      <td>-0.011685</td>\n",
       "      <td>0.021321</td>\n",
       "    </tr>\n",
       "    <tr>\n",
       "      <th>248</th>\n",
       "      <td>0.050043</td>\n",
       "      <td>0.044881</td>\n",
       "      <td>0.069997</td>\n",
       "      <td>0.070584</td>\n",
       "      <td>0.048546</td>\n",
       "      <td>0.077155</td>\n",
       "      <td>0.097496</td>\n",
       "      <td>0.104471</td>\n",
       "      <td>0.030042</td>\n",
       "      <td>-0.001869</td>\n",
       "      <td>0.059438</td>\n",
       "      <td>0.041730</td>\n",
       "      <td>0.074909</td>\n",
       "      <td>-0.003269</td>\n",
       "      <td>0.003593</td>\n",
       "      <td>0.011459</td>\n",
       "      <td>0.043707</td>\n",
       "      <td>0.052044</td>\n",
       "      <td>0.038223</td>\n",
       "      <td>0.044524</td>\n",
       "    </tr>\n",
       "    <tr>\n",
       "      <th>249</th>\n",
       "      <td>-0.021173</td>\n",
       "      <td>-0.012924</td>\n",
       "      <td>-0.002704</td>\n",
       "      <td>0.001551</td>\n",
       "      <td>-0.036348</td>\n",
       "      <td>-0.039056</td>\n",
       "      <td>-0.007418</td>\n",
       "      <td>0.019257</td>\n",
       "      <td>-0.003143</td>\n",
       "      <td>-0.010539</td>\n",
       "      <td>0.042076</td>\n",
       "      <td>0.003349</td>\n",
       "      <td>-0.003367</td>\n",
       "      <td>0.002532</td>\n",
       "      <td>0.003006</td>\n",
       "      <td>-0.014215</td>\n",
       "      <td>-0.012062</td>\n",
       "      <td>-0.029028</td>\n",
       "      <td>0.008540</td>\n",
       "      <td>-0.003397</td>\n",
       "    </tr>\n",
       "    <tr>\n",
       "      <th>250</th>\n",
       "      <td>-0.014168</td>\n",
       "      <td>0.001921</td>\n",
       "      <td>-0.013771</td>\n",
       "      <td>-0.015438</td>\n",
       "      <td>-0.023323</td>\n",
       "      <td>-0.008951</td>\n",
       "      <td>-0.027623</td>\n",
       "      <td>-0.010763</td>\n",
       "      <td>-0.012462</td>\n",
       "      <td>-0.001746</td>\n",
       "      <td>0.022447</td>\n",
       "      <td>-0.007884</td>\n",
       "      <td>-0.028075</td>\n",
       "      <td>-0.004864</td>\n",
       "      <td>0.006523</td>\n",
       "      <td>-0.003956</td>\n",
       "      <td>-0.004620</td>\n",
       "      <td>-0.014903</td>\n",
       "      <td>-0.015900</td>\n",
       "      <td>-0.009882</td>\n",
       "    </tr>\n",
       "    <tr>\n",
       "      <th>251</th>\n",
       "      <td>0.000432</td>\n",
       "      <td>-0.005178</td>\n",
       "      <td>-0.002314</td>\n",
       "      <td>-0.005180</td>\n",
       "      <td>-0.008964</td>\n",
       "      <td>-0.001413</td>\n",
       "      <td>-0.008358</td>\n",
       "      <td>-0.007040</td>\n",
       "      <td>0.005651</td>\n",
       "      <td>-0.002276</td>\n",
       "      <td>-0.024927</td>\n",
       "      <td>-0.011732</td>\n",
       "      <td>-0.012531</td>\n",
       "      <td>-0.018680</td>\n",
       "      <td>0.000361</td>\n",
       "      <td>-0.026059</td>\n",
       "      <td>-0.007883</td>\n",
       "      <td>-0.007646</td>\n",
       "      <td>-0.011384</td>\n",
       "      <td>0.002150</td>\n",
       "    </tr>\n",
       "  </tbody>\n",
       "</table>\n",
       "<p>252 rows × 20 columns</p>\n",
       "</div>"
      ],
      "text/plain": [
       "         AAPL      MSFT      GOOG     GOOGL      AMZN      TSLA        FB  \\\n",
       "0   -0.002901 -0.016577 -0.019069 -0.019287  0.023817 -0.012657  0.016775   \n",
       "1   -0.019732 -0.008711 -0.001905 -0.002154 -0.014594  0.017386 -0.013462   \n",
       "2   -0.005495 -0.024070  0.004793  0.004492  0.005008 -0.017256 -0.017748   \n",
       "3   -0.006707 -0.014423 -0.014743 -0.015407  0.019920 -0.003912  0.009423   \n",
       "4   -0.007068  0.005321 -0.004337 -0.004400 -0.009937 -0.027737 -0.003781   \n",
       "..        ...       ...       ...       ...       ...       ...       ...   \n",
       "247 -0.007138 -0.018275 -0.004998 -0.009728 -0.006209  0.032968 -0.006041   \n",
       "248  0.050043  0.044881  0.069997  0.070584  0.048546  0.077155  0.097496   \n",
       "249 -0.021173 -0.012924 -0.002704  0.001551 -0.036348 -0.039056 -0.007418   \n",
       "250 -0.014168  0.001921 -0.013771 -0.015438 -0.023323 -0.008951 -0.027623   \n",
       "251  0.000432 -0.005178 -0.002314 -0.005180 -0.008964 -0.001413 -0.008358   \n",
       "\n",
       "         NVDA      COST       PEP      NTES      AVGO      ASML       AZN  \\\n",
       "0    0.006575  0.002991 -0.000549  0.011707  0.004819 -0.008695 -0.000532   \n",
       "1    0.024504 -0.016309 -0.010557  0.020142  0.005953 -0.005682 -0.006526   \n",
       "2   -0.060935  0.004300 -0.016719 -0.052078 -0.028409  0.004066  0.035381   \n",
       "3   -0.006475  0.003577  0.007212 -0.017868 -0.003912 -0.029027  0.029407   \n",
       "4   -0.007359  0.010233  0.005281 -0.021238  0.010712 -0.000744 -0.004925   \n",
       "..        ...       ...       ...       ...       ...       ...       ...   \n",
       "247 -0.021474 -0.001984  0.004396  0.037224  0.025962  0.024835  0.023607   \n",
       "248  0.104471  0.030042 -0.001869  0.059438  0.041730  0.074909 -0.003269   \n",
       "249  0.019257 -0.003143 -0.010539  0.042076  0.003349 -0.003367  0.002532   \n",
       "250 -0.010763 -0.012462 -0.001746  0.022447 -0.007884 -0.028075 -0.004864   \n",
       "251 -0.007040  0.005651 -0.002276 -0.024927 -0.011732 -0.012531 -0.018680   \n",
       "\n",
       "         CSCO     CMCSA      ADBE      INTC      TMUS       TXN  \n",
       "0   -0.016368  0.008176 -0.011959  0.004999  0.013561  0.003814  \n",
       "1   -0.020059 -0.016387 -0.015891 -0.012887 -0.019065  0.011065  \n",
       "2    0.001648 -0.035362 -0.027616  0.015095 -0.003839 -0.025171  \n",
       "3   -0.010983 -0.002748 -0.011759 -0.032257  0.008249 -0.010585  \n",
       "4    0.009739  0.008000  0.008237  0.002565 -0.005045  0.013068  \n",
       "..        ...       ...       ...       ...       ...       ...  \n",
       "247 -0.003931 -0.035933 -0.003954 -0.007002 -0.011685  0.021321  \n",
       "248  0.003593  0.011459  0.043707  0.052044  0.038223  0.044524  \n",
       "249  0.003006 -0.014215 -0.012062 -0.029028  0.008540 -0.003397  \n",
       "250  0.006523 -0.003956 -0.004620 -0.014903 -0.015900 -0.009882  \n",
       "251  0.000361 -0.026059 -0.007883 -0.007646 -0.011384  0.002150  \n",
       "\n",
       "[252 rows x 20 columns]"
      ]
     },
     "execution_count": 5,
     "metadata": {},
     "output_type": "execute_result"
    }
   ],
   "source": [
    "import smsa.sampling\n",
    "\n",
    "generated_logrets_mtx = smsa.sampling.generate_logrets_mtx(0.5, 252, mean, cov, logrets_mtx.columns)\n",
